 Occurs     Accum   Support    Confid      Lift                                                                         Sequence
      179      1102 0.8287037       N/A       N/A                                                                             (10) 
      103       103 0.4768519 0.5754190 0.6943604                                                                       (10)->(10) 
       82        82 0.3796296 0.4581006 0.6145945                                                                        (10)->(3) 
      113       113 0.5231481 0.6312849 0.6852138                                                                        (10)->(4) 
      124       190 0.5740741 0.6927374 0.7299087                                                                        (10)->(5) 
      130       261 0.6018519 0.7262570 0.7652269                                                                        (10)->(6) 
      125       190 0.5787037 0.6983240 0.7394019                                                                        (10)->(7) 
      125       125 0.5787037 0.6983240 0.7286859                                                                        (10)->(8) 
      139       489 0.6435185 0.7765363 0.7987231                                                                        (10)->(9) 
      161       966 0.7453704       N/A       N/A                                                                              (3) 
       77        77 0.3564815 0.4782609 0.5771193                                                                        (3)->(10) 
       77        77 0.3564815 0.4782609 0.6416419                                                                         (3)->(3) 
      104       104 0.4814815 0.6459627 0.7011455                                                                         (3)->(4) 
      108       108 0.5000000 0.6708075 0.7068020                                                                         (3)->(5) 
      115       115 0.5324074 0.7142857 0.7526132                                                                         (3)->(6) 
      105       105 0.4861111 0.6521739 0.6905371                                                                         (3)->(7) 
      109       109 0.5046296 0.6770186 0.7064542                                                                         (3)->(8) 
      119       119 0.5509259 0.7391304 0.7602484                                                                         (3)->(9) 
      199      3194 0.9212963       N/A       N/A                                                                              (4) 
      122       122 0.5648148 0.6130653 0.7397883                                                                        (4)->(10) 
       66        66 0.3055556 0.5409836 0.5700120                                                                   (4)->(10)->(5) 
       66        66 0.3055556 0.5409836 0.5700120                                                                   (4)->(10)->(6) 
       70        70 0.3240741 0.5737705 0.5901639                                                                   (4)->(10)->(9) 
      101       101 0.4675926 0.5075377 0.6809201                                                                         (4)->(3) 
      149       362 0.6898148 0.7487437 0.8127067                                                                         (4)->(4) 
       70        70 0.3240741 0.4697987 0.5099322                                                                    (4)->(4)->(4) 
       71        71 0.3287037 0.4765101 0.5020789                                                                    (4)->(4)->(5) 
       76        76 0.3518519 0.5100671 0.5374366                                                                    (4)->(4)->(6) 
       73        73 0.3379630 0.4899329 0.5187525                                                                    (4)->(4)->(7) 
       75        75 0.3472222 0.5033557 0.5252407                                                                    (4)->(4)->(8) 
       88        88 0.4074074 0.5906040 0.6074784                                                                    (4)->(4)->(9) 
      147       358 0.6805556 0.7386935 0.7783307                                                                         (4)->(5) 
       75        75 0.3472222 0.5102041 0.5537894                                                                    (4)->(5)->(4) 
       75        75 0.3472222 0.5102041 0.5375809                                                                    (4)->(5)->(5) 
       80        80 0.3703704 0.5442177 0.5734196                                                                    (4)->(5)->(6) 
       81        81 0.3750000 0.5510204 0.5834334                                                                    (4)->(5)->(7) 
       79        79 0.3657407 0.5374150 0.5607808                                                                    (4)->(5)->(8) 
       83        83 0.3842593 0.5646259 0.5807580                                                                    (4)->(5)->(9) 
      153       596 0.7083333 0.7688442 0.8100993                                                                         (4)->(6) 
       67        67 0.3101852 0.4379085 0.4753178                                                                    (4)->(6)->(4) 
       74        74 0.3425926 0.4836601 0.5096126                                                                    (4)->(6)->(5) 
       77        77 0.3564815 0.5032680 0.5302726                                                                    (4)->(6)->(6) 
       67        67 0.3101852 0.4379085 0.4636678                                                                    (4)->(6)->(7) 
       79        79 0.3657407 0.5163399 0.5387894                                                                    (4)->(6)->(8) 
       76        76 0.3518519 0.4967320 0.5109244                                                                    (4)->(6)->(9) 
      151       440 0.6990741 0.7587940 0.8034289                                                                         (4)->(7) 
       68        68 0.3148148 0.4503311 0.4888016                                                                    (4)->(7)->(4) 
       78        78 0.3611111 0.5165563 0.5442739                                                                    (4)->(7)->(5) 
       77        77 0.3564815 0.5099338 0.5372961                                                                    (4)->(7)->(6) 
       76        76 0.3518519 0.5033113 0.5329178                                                                    (4)->(7)->(7) 
       76        76 0.3518519 0.5033113 0.5251944                                                                    (4)->(7)->(8) 
       83        83 0.3842593 0.5496689 0.5653737                                                                    (4)->(7)->(9) 
      151       568 0.6990741 0.7587940 0.7917850                                                                         (4)->(8) 
       72        72 0.3333333 0.4768212 0.5175547                                                                    (4)->(8)->(4) 
       73        73 0.3379630 0.4834437 0.5093846                                                                    (4)->(8)->(5) 
       84        84 0.3888889 0.5562914 0.5861412                                                                    (4)->(8)->(6) 
       74        74 0.3425926 0.4900662 0.5188937                                                                    (4)->(8)->(7) 
       77        77 0.3564815 0.5099338 0.5321048                                                                    (4)->(8)->(8) 
       79        79 0.3657407 0.5231788 0.5381268                                                                    (4)->(8)->(9) 
      157       617 0.7268519 0.7889447 0.8114860                                                                         (4)->(9) 
       72        72 0.3333333 0.4585987 0.4977755                                                                    (4)->(9)->(4) 
       78        78 0.3611111 0.4968153 0.5234737                                                                    (4)->(9)->(5) 
       82        82 0.3796296 0.5222930 0.5503185                                                                    (4)->(9)->(6) 
       80        80 0.3703704 0.5095541 0.5395279                                                                    (4)->(9)->(7) 
       79        79 0.3657407 0.5031847 0.5250623                                                                    (4)->(9)->(8) 
       82        82 0.3796296 0.5222930 0.5372157                                                                    (4)->(9)->(9) 
      205      3592 0.9490741       N/A       N/A                                                                              (5) 
      127       127 0.5879630 0.6195122 0.7475678                                                                        (5)->(10) 
       68        68 0.3148148 0.5354331 0.5507312                                                                   (5)->(10)->(9) 
      102       102 0.4722222 0.4975610 0.6675352                                                                         (5)->(3) 
      145       510 0.6712963 0.7073171 0.7677411                                                                         (5)->(4) 
       66        66 0.3055556 0.4551724 0.4795963                                                                    (5)->(4)->(6) 
       65        65 0.3009259 0.4482759 0.4677661                                                                    (5)->(4)->(8) 
       70        70 0.3240741 0.4827586 0.4965517                                                                    (5)->(4)->(9) 
      147       517 0.6805556 0.7170732 0.7555503                                                                         (5)->(5) 
       68        68 0.3148148 0.4625850 0.5021023                                                                    (5)->(5)->(4) 
       72        72 0.3333333 0.4897959 0.5160777                                                                    (5)->(5)->(5) 
       73        73 0.3379630 0.4965986 0.5232454                                                                    (5)->(5)->(6) 
       76        76 0.3518519 0.5170068 0.5474190                                                                    (5)->(5)->(7) 
       66        66 0.3055556 0.4489796 0.4685004                                                                    (5)->(5)->(8) 
       80        80 0.3703704 0.5442177 0.5597668                                                                    (5)->(5)->(9) 
      155       625 0.7175926 0.7560976 0.7966686                                                                         (5)->(6) 
       72        72 0.3333333 0.4645161 0.5041984                                                                    (5)->(6)->(4) 
       73        73 0.3379630 0.4709677 0.4962392                                                                    (5)->(6)->(5) 
       74        74 0.3425926 0.4774194 0.5030370                                                                    (5)->(6)->(6) 
       73        73 0.3379630 0.4709677 0.4986717                                                                    (5)->(6)->(7) 
       75        75 0.3472222 0.4838710 0.5049088                                                                    (5)->(6)->(8) 
       73        73 0.3379630 0.4709677 0.4844240                                                                    (5)->(6)->(9) 
      155       634 0.7175926 0.7560976 0.8005739                                                                         (5)->(7) 
       65        65 0.3009259 0.4193548 0.4551791                                                                    (5)->(7)->(4) 
       69        69 0.3194444 0.4451613 0.4690480                                                                    (5)->(7)->(5) 
       70        70 0.3240741 0.4516129 0.4758458                                                                    (5)->(7)->(6) 
       73        73 0.3379630 0.4709677 0.4986717                                                                    (5)->(7)->(7) 
       69        69 0.3194444 0.4451613 0.4645161                                                                    (5)->(7)->(8) 
       76        76 0.3518519 0.4903226 0.5043318                                                                    (5)->(7)->(9) 
      158       611 0.7314815 0.7707317 0.8042418                                                                         (5)->(8) 
       75        75 0.3472222 0.4746835 0.5152344                                                                    (5)->(8)->(4) 
       73        73 0.3379630 0.4620253 0.4868169                                                                    (5)->(8)->(5) 
       75        75 0.3472222 0.4746835 0.5001544                                                                    (5)->(8)->(6) 
       78        78 0.3611111 0.4936709 0.5227103                                                                    (5)->(8)->(7) 
       75        75 0.3472222 0.4746835 0.4953220                                                                    (5)->(8)->(8) 
       76        76 0.3518519 0.4810127 0.4947559                                                                    (5)->(8)->(9) 
      158       646 0.7314815 0.7707317 0.7927526                                                                         (5)->(9) 
       68        68 0.3148148 0.4303797 0.4671459                                                                    (5)->(9)->(4) 
       71        71 0.3287037 0.4493671 0.4734795                                                                    (5)->(9)->(5) 
       72        72 0.3333333 0.4556962 0.4801482                                                                    (5)->(9)->(6) 
       78        78 0.3611111 0.4936709 0.5227103                                                                    (5)->(9)->(7) 
       79        79 0.3657407 0.5000000 0.5217391                                                                    (5)->(9)->(8) 
       74        74 0.3425926 0.4683544 0.4817360                                                                    (5)->(9)->(9) 
      205      4160 0.9490741       N/A       N/A                                                                              (6) 
      125       125 0.5787037 0.6097561 0.7357951                                                                        (6)->(10) 
      106       106 0.4907407 0.5170732 0.6937131                                                                         (6)->(3) 
      145       487 0.6712963 0.7073171 0.7677411                                                                         (6)->(4) 
       70        70 0.3240741 0.4827586 0.5086627                                                                    (6)->(4)->(6) 
       67        67 0.3101852 0.4620690 0.4892495                                                                    (6)->(4)->(7) 
       65        65 0.3009259 0.4482759 0.4677661                                                                    (6)->(4)->(8) 
       67        67 0.3101852 0.4620690 0.4752709                                                                    (6)->(4)->(9) 
      154       586 0.7129630 0.7512195 0.7915289                                                                         (6)->(5) 
       71        71 0.3287037 0.4610390 0.5004242                                                                    (6)->(5)->(4) 
       69        69 0.3194444 0.4480519 0.4720938                                                                    (6)->(5)->(5) 
       77        77 0.3564815 0.5000000 0.5268293                                                                    (6)->(5)->(6) 
       82        82 0.3796296 0.5324675 0.5637892                                                                    (6)->(5)->(7) 
       74        74 0.3425926 0.4805195 0.5014116                                                                    (6)->(5)->(8) 
       81        81 0.3750000 0.5259740 0.5410019                                                                    (6)->(5)->(9) 
      155       518 0.7175926 0.7560976 0.7966686                                                                         (6)->(6) 
       65        65 0.3009259 0.4193548 0.4551791                                                                    (6)->(6)->(4) 
       70        70 0.3240741 0.4516129 0.4758458                                                                    (6)->(6)->(5) 
       69        69 0.3194444 0.4451613 0.4690480                                                                    (6)->(6)->(6) 
       76        76 0.3518519 0.4903226 0.5191651                                                                    (6)->(6)->(7) 
       76        76 0.3518519 0.4903226 0.5116410                                                                    (6)->(6)->(8) 
       77        77 0.3564815 0.4967742 0.5109677                                                                    (6)->(6)->(9) 
      143       502 0.6620370 0.6975610 0.7385940                                                                         (6)->(7) 
       65        65 0.3009259 0.4545455 0.4789357                                                                    (6)->(7)->(5) 
       70        70 0.3240741 0.4895105 0.5157769                                                                    (6)->(7)->(6) 
       76        76 0.3518519 0.5314685 0.5627314                                                                    (6)->(7)->(7) 
       65        65 0.3009259 0.4545455 0.4743083                                                                    (6)->(7)->(8) 
       75        75 0.3472222 0.5244755 0.5394605                                                                    (6)->(7)->(9) 
      152       606 0.7037037 0.7414634 0.7737010                                                                         (6)->(8) 
       66        66 0.3055556 0.4342105 0.4713039                                                                    (6)->(8)->(4) 
       65        65 0.3009259 0.4276316 0.4505777                                                                    (6)->(8)->(5) 
       72        72 0.3333333 0.4736842 0.4991014                                                                    (6)->(8)->(6) 
       71        71 0.3287037 0.4671053 0.4945820                                                                    (6)->(8)->(7) 
       67        67 0.3101852 0.4407895 0.4599542                                                                    (6)->(8)->(8) 
       70        70 0.3240741 0.4605263 0.4736842                                                                    (6)->(8)->(9) 
      160       612 0.7407407 0.7804878 0.8027875                                                                         (6)->(9) 
       70        70 0.3240741 0.4375000 0.4748744                                                                    (6)->(9)->(4) 
       75        75 0.3472222 0.4687500 0.4939024                                                                    (6)->(9)->(5) 
       80        80 0.3703704 0.5000000 0.5268293                                                                    (6)->(9)->(6) 
       81        81 0.3750000 0.5062500 0.5360294                                                                    (6)->(9)->(7) 
       79        79 0.3657407 0.4937500 0.5152174                                                                    (6)->(9)->(8) 
       79        79 0.3657407 0.4937500 0.5078571                                                                    (6)->(9)->(9) 
      204      3827 0.9444444       N/A       N/A                                                                              (7) 
      119       119 0.5509259 0.5833333 0.7039106                                                                        (7)->(10) 
       69        69 0.3194444 0.5798319 0.5963986                                                                   (7)->(10)->(9) 
      109       109 0.5046296 0.5343137 0.7168433                                                                         (7)->(3) 
      138       339 0.6388889 0.6764706 0.7342595                                                                         (7)->(4) 
       69        69 0.3194444 0.5000000 0.5268293                                                                    (7)->(4)->(6) 
       65        65 0.3009259 0.4710145 0.4914934                                                                    (7)->(4)->(8) 
       72        72 0.3333333 0.5217391 0.5366460                                                                    (7)->(4)->(9) 
      148       507 0.6851852 0.7254902 0.7644189                                                                         (7)->(5) 
       72        72 0.3333333 0.4864865 0.5125906                                                                    (7)->(5)->(6) 
       71        71 0.3287037 0.4797297 0.5079491                                                                    (7)->(5)->(7) 
       75        75 0.3472222 0.5067568 0.5287897                                                                    (7)->(5)->(8) 
       76        76 0.3518519 0.5135135 0.5281853                                                                    (7)->(5)->(9) 
      151       596 0.6990741 0.7401961 0.7799139                                                                         (7)->(6) 
       69        69 0.3194444 0.4569536 0.4814731                                                                    (7)->(6)->(5) 
       72        72 0.3333333 0.4768212 0.4975525                                                                    (7)->(6)->(8) 
       73        73 0.3379630 0.4834437 0.4972564                                                                    (7)->(6)->(9) 
      142       596 0.6574074 0.6960784 0.7370242                                                                         (7)->(7) 
       74        74 0.3425926 0.5211268 0.5490897                                                                    (7)->(7)->(6) 
       72        72 0.3333333 0.5070423 0.5368683                                                                    (7)->(7)->(7) 
       71        71 0.3287037 0.5000000 0.5217391                                                                    (7)->(7)->(8) 
       79        79 0.3657407 0.5563380 0.5722334                                                                    (7)->(7)->(9) 
      143       569 0.6620370 0.7009804 0.7314578                                                                         (7)->(8) 
       67        67 0.3101852 0.4685315 0.4936722                                                                    (7)->(8)->(6) 
       67        67 0.3101852 0.4685315 0.4889024                                                                    (7)->(8)->(8) 
       75        75 0.3472222 0.5244755 0.5394605                                                                    (7)->(8)->(9) 
      156       634 0.7222222 0.7647059 0.7865546                                                                         (7)->(9) 
       67        67 0.3101852 0.4294872 0.4661770                                                                    (7)->(9)->(4) 
       67        67 0.3101852 0.4294872 0.4525328                                                                    (7)->(9)->(5) 
       73        73 0.3379630 0.4679487 0.4930582                                                                    (7)->(9)->(6) 
       69        69 0.3194444 0.4423077 0.4683258                                                                    (7)->(9)->(7) 
       76        76 0.3518519 0.4871795 0.5083612                                                                    (7)->(9)->(8) 
       77        77 0.3564815 0.4935897 0.5076923                                                                    (7)->(9)->(9) 
      207      4021 0.9583333       N/A       N/A                                                                              (8) 
      123       123 0.5694444 0.5942029 0.7170270                                                                        (8)->(10) 
       67        67 0.3101852 0.5447154 0.5602787                                                                   (8)->(10)->(9) 
      109       109 0.5046296 0.5265700 0.7064542                                                                         (8)->(3) 
      147       508 0.6805556 0.7101449 0.7708106                                                                         (8)->(4) 
       69        69 0.3194444 0.4693878 0.5094862                                                                    (8)->(4)->(4) 
       72        72 0.3333333 0.4897959 0.5160777                                                                    (8)->(4)->(5) 
       78        78 0.3611111 0.5306122 0.5590841                                                                    (8)->(4)->(6) 
       71        71 0.3287037 0.4829932 0.5114046                                                                    (8)->(4)->(7) 
       70        70 0.3240741 0.4761905 0.4968944                                                                    (8)->(4)->(8) 
       80        80 0.3703704 0.5442177 0.5597668                                                                    (8)->(4)->(9) 
      154       517 0.7129630 0.7439614 0.7838812                                                                         (8)->(5) 
       73        73 0.3379630 0.4740260 0.5145207                                                                    (8)->(5)->(4) 
       76        76 0.3518519 0.4935065 0.5199873                                                                    (8)->(5)->(5) 
       80        80 0.3703704 0.5194805 0.5473551                                                                    (8)->(5)->(6) 
       83        83 0.3842593 0.5389610 0.5706646                                                                    (8)->(5)->(7) 
       78        78 0.3611111 0.5064935 0.5285150                                                                    (8)->(5)->(8) 
       82        82 0.3796296 0.5324675 0.5476809                                                                    (8)->(5)->(9) 
      161       620 0.7453704 0.7777778 0.8195122                                                                         (8)->(6) 
       67        67 0.3101852 0.4161491 0.4516995                                                                    (8)->(6)->(4) 
       77        77 0.3564815 0.4782609 0.5039236                                                                    (8)->(6)->(5) 
       68        68 0.3148148 0.4223602 0.4450235                                                                    (8)->(6)->(6) 
       71        71 0.3287037 0.4409938 0.4669346                                                                    (8)->(6)->(7) 
       76        76 0.3518519 0.4720497 0.4925736                                                                    (8)->(6)->(8) 
       78        78 0.3611111 0.4844720 0.4983141                                                                    (8)->(6)->(9) 
      150       529 0.6944444 0.7246377 0.7672634                                                                         (8)->(7) 
       72        72 0.3333333 0.4800000 0.5057561                                                                    (8)->(7)->(5) 
       72        72 0.3333333 0.4800000 0.5057561                                                                    (8)->(7)->(6) 
       73        73 0.3379630 0.4866667 0.5152941                                                                    (8)->(7)->(7) 
       66        66 0.3055556 0.4400000 0.4591304                                                                    (8)->(7)->(8) 
       79        79 0.3657407 0.5266667 0.5417143                                                                    (8)->(7)->(9) 
      150       592 0.6944444 0.7246377 0.7561437                                                                         (8)->(8) 
       72        72 0.3333333 0.4800000 0.5210050                                                                    (8)->(8)->(4) 
       76        76 0.3518519 0.5066667 0.5338537                                                                    (8)->(8)->(5) 
       79        79 0.3657407 0.5266667 0.5549268                                                                    (8)->(8)->(6) 
       78        78 0.3611111 0.5200000 0.5505882                                                                    (8)->(8)->(7) 
       80        80 0.3703704 0.5333333 0.5565217                                                                    (8)->(8)->(8) 
       86        86 0.3981481 0.5733333 0.5897143                                                                    (8)->(8)->(9) 
      158       624 0.7314815 0.7632850 0.7850932                                                                         (8)->(9) 
       69        69 0.3194444 0.4367089 0.4740156                                                                    (8)->(9)->(4) 
       81        81 0.3750000 0.5126582 0.5401667                                                                    (8)->(9)->(5) 
       78        78 0.3611111 0.4936709 0.5201605                                                                    (8)->(9)->(6) 
       77        77 0.3564815 0.4873418 0.5160089                                                                    (8)->(9)->(7) 
       77        77 0.3564815 0.4873418 0.5085305                                                                    (8)->(9)->(8) 
       82        82 0.3796296 0.5189873 0.5338156                                                                    (8)->(9)->(9) 
      210      4587 0.9722222       N/A       N/A                                                                              (9) 
      127       127 0.5879630 0.6047619 0.7297686                                                                        (9)->(10) 
       65        65 0.3009259 0.5118110 0.5392741                                                                   (9)->(10)->(6) 
       65        65 0.3009259 0.5118110 0.5419176                                                                   (9)->(10)->(7) 
       76        76 0.3518519 0.5984252 0.6155231                                                                   (9)->(10)->(9) 
      119       119 0.5509259 0.5666667 0.7602484                                                                         (9)->(3) 
      152       572 0.7037037 0.7238095 0.7856425                                                                         (9)->(4) 
       74        74 0.3425926 0.4868421 0.5284316                                                                    (9)->(4)->(4) 
       68        68 0.3148148 0.4473684 0.4713736                                                                    (9)->(4)->(5) 
       84        84 0.3888889 0.5526316 0.5822850                                                                    (9)->(4)->(6) 
       78        78 0.3611111 0.5131579 0.5433437                                                                    (9)->(4)->(7) 
       77        77 0.3564815 0.5065789 0.5286041                                                                    (9)->(4)->(8) 
       83        83 0.3842593 0.5460526 0.5616541                                                                    (9)->(4)->(9) 
      157       604 0.7268519 0.7476190 0.7877352                                                                         (9)->(5) 
       78        78 0.3611111 0.4968153 0.5392568                                                                    (9)->(5)->(4) 
       78        78 0.3611111 0.4968153 0.5234737                                                                    (9)->(5)->(5) 
       88        88 0.4074074 0.5605096 0.5905857                                                                    (9)->(5)->(6) 
       86        86 0.3981481 0.5477707 0.5799925                                                                    (9)->(5)->(7) 
       81        81 0.3750000 0.5159236 0.5383550                                                                    (9)->(5)->(8) 
       86        86 0.3981481 0.5477707 0.5634213                                                                    (9)->(5)->(9) 
      158       624 0.7314815 0.7523810 0.7927526                                                                         (9)->(6) 
       71        71 0.3287037 0.4493671 0.4877552                                                                    (9)->(6)->(4) 
       69        69 0.3194444 0.4367089 0.4601420                                                                    (9)->(6)->(5) 
       75        75 0.3472222 0.4746835 0.5001544                                                                    (9)->(6)->(6) 
       72        72 0.3333333 0.4556962 0.4825019                                                                    (9)->(6)->(7) 
       76        76 0.3518519 0.4810127 0.5019263                                                                    (9)->(6)->(8) 
       75        75 0.3472222 0.4746835 0.4882459                                                                    (9)->(6)->(9) 
      157       627 0.7268519 0.7476190 0.7915966                                                                         (9)->(7) 
       68        68 0.3148148 0.4331210 0.4701213                                                                    (9)->(7)->(4) 
       75        75 0.3472222 0.4777070 0.5033401                                                                    (9)->(7)->(5) 
       82        82 0.3796296 0.5222930 0.5503185                                                                    (9)->(7)->(6) 
       84        84 0.3888889 0.5350318 0.5665043                                                                    (9)->(7)->(7) 
       79        79 0.3657407 0.5031847 0.5250623                                                                    (9)->(7)->(8) 
       86        86 0.3981481 0.5477707 0.5634213                                                                    (9)->(7)->(9) 
      161       634 0.7453704 0.7666667 0.8000000                                                                         (9)->(8) 
       76        76 0.3518519 0.4720497 0.5123755                                                                    (9)->(8)->(4) 
       76        76 0.3518519 0.4720497 0.4973792                                                                    (9)->(8)->(5) 
       82        82 0.3796296 0.5093168 0.5366460                                                                    (9)->(8)->(6) 
       78        78 0.3611111 0.4844720 0.5129704                                                                    (9)->(8)->(7) 
       76        76 0.3518519 0.4720497 0.4925736                                                                    (9)->(8)->(8) 
       80        80 0.3703704 0.4968944 0.5110914                                                                    (9)->(8)->(9) 
      162       636 0.7500000 0.7714286 0.7934694                                                                         (9)->(9) 
       74        74 0.3425926 0.4567901 0.4958124                                                                    (9)->(9)->(4) 
       75        75 0.3472222 0.4629630 0.4878049                                                                    (9)->(9)->(5) 
       81        81 0.3750000 0.5000000 0.5268293                                                                    (9)->(9)->(6) 
       85        85 0.3935185 0.5246914 0.5555556                                                                    (9)->(9)->(7) 
       83        83 0.3842593 0.5123457 0.5346216                                                                    (9)->(9)->(8) 
       80        80 0.3703704 0.4938272 0.5079365                                                                    (9)->(9)->(9) 
​